"","identifier","text","ego_inquam_sum_tu_ille_Trimalchio_Et","sum_tu_aut_ego_inquam_ille_Quid","sum_neque_enim_sed_hic_suus_homo","ego_neo_quidem_meus_hic_ab_sed","inquam_ego_tu_hic_ille_sum_tam","ego_ille_hic_sum_puer_facio_is","neque_ergo_aut_hic_sed_possum_omnis","supo_manus_omnis_ille_totus_sui_atque","sum_ille_alter_de_habeo_sui_ego","suus_totus_manus_oculus_puer_Giton_autem","ego_sum_idem_manus_tamquam_do_is","sum_nos_ex_Trimalchio_jubeo_modus_suus","atque_pectus_malus_corpus_meus_dum_ante","jam_hic_sum_ipse_inter_facio_ab","atque_per_alius_totus_orbis_nox_furo"
"1","urn:cts:latinLit:phi0972.phi001:1.1","Num alius genus furiae declamator inquietantur, qui clamant: 'haec vulnus pro libertas publicus excepi; hic oculus pro tu impendi: do ego ducem, qui ego duco ad liber meos, nam succido poples membrum non sustinent'?","0.492896174863388","0.00109289617486339","0.00109289617486339","0.00109289617486339","0.00109289617486339","0.00109289617486339","0.00109289617486339","0.00109289617486339","0.00109289617486339","0.00109289617486339","0.0557377049180328","0.00109289617486339","0.00109289617486339","0.00109289617486339","0.438251366120219"
"2","urn:cts:latinLit:phi0972.phi001:1.2","Haec ipse tolerabilis essent, si ad eloquentia eo via facerent. Nunc et res tumor et sententia vanus strepitus hic tantus proficiunt, ut cum in foris venerint, puto sui in alius orbis terra delatos.","0.00109289617486339","0.00109289617486339","0.602185792349727","0.00109289617486339","0.00109289617486339","0.00109289617486339","0.110382513661202","0.00109289617486339","0.00109289617486339","0.00109289617486339","0.00109289617486339","0.00109289617486339","0.00109289617486339","0.00109289617486339","0.27431693989071"
"3","urn:cts:latinLit:phi0972.phi001:1.3","Et ideo ego adulescentulus existimo in schola stultus fieri, quia nihil ex his, qui in utor habemus, aut audio aut vident, sed pirata cum catena in litus stantes, sed tyrannus edico scribentes, qui impero filius ut pater suus caput praecidant, sed respondeo in pestilentia data, ut virgo tres aut multus immolentur, sed mellitus verbum globulus et omnis dico facio quasi papaver et sesamum sparsa.","0.165840220385675","0.358677685950413","0.000550964187327824","0.000550964187327824","0.000550964187327824","0.000550964187327824","0.220936639118457","0.000550964187327824","0.0556473829201102","0.000550964187327824","0.000550964187327824","0.193388429752066","0.000550964187327824","0.000550964187327824","0.000550964187327824"
"4","urn:cts:latinLit:phi0972.phi001:2.1","Qui inter hic nutriuntur, non magnus sapio possunt, qui bene olere, qui in culina habitant.","0.00377358490566038","0.00377358490566038","0.569811320754717","0.00377358490566038","0.192452830188679","0.00377358490566038","0.00377358490566038","0.00377358490566038","0.192452830188679","0.00377358490566038","0.00377358490566038","0.00377358490566038","0.00377358490566038","0.00377358490566038","0.00377358490566038"
"5","urn:cts:latinLit:phi0972.phi001:2.2","Pace vester licet dixisse, primus omnis eloquentia perdidistis. Levibus enim atque inanis sonus ludibrium quidam excito effecistis, ut corpus oratio enervo et caderet.","0.00150375939849624","0.00150375939849624","0.00150375939849624","0.377443609022556","0.00150375939849624","0.00150375939849624","0.377443609022556","0.227067669172932","0.00150375939849624","0.00150375939849624","0.00150375939849624","0.00150375939849624","0.00150375939849624","0.00150375939849624","0.00150375939849624"
"6","urn:cts:latinLit:phi0972.phi001:2.3","Nondum juvenis declamatio continebantur, cum Sophocles aut Euripides invenio verbum qui debeo loqui.","0.00240963855421687","0.363855421686747","0.00240963855421687","0.604819277108434","0.00240963855421687","0.00240963855421687","0.00240963855421687","0.00240963855421687","0.00240963855421687","0.00240963855421687","0.00240963855421687","0.00240963855421687","0.00240963855421687","0.00240963855421687","0.00240963855421687"
"7","urn:cts:latinLit:phi0972.phi001:2.4","Nondum umbraticus doctor ingenium deleverat, cum Pindarus novo lyrici Homericis versus cano timuerunt.","0.00465116279069767","0.00465116279069767","0.00465116279069767","0.934883720930233","0.00465116279069767","0.00465116279069767","0.00465116279069767","0.00465116279069767","0.00465116279069767","0.00465116279069767","0.00465116279069767","0.00465116279069767","0.00465116279069767","0.00465116279069767","0.00465116279069767"
"8","urn:cts:latinLit:phi0972.phi001:2.5","Et neo poeta quidem ad testimonium citem, certus neque Platona neque Demosthenen ad hic genus exercitatio accedo video.","0.178761061946903","0.00176991150442478","0.00176991150442478","0.798230088495575","0.00176991150442478","0.00176991150442478","0.00176991150442478","0.00176991150442478","0.00176991150442478","0.00176991150442478","0.00176991150442478","0.00176991150442478","0.00176991150442478","0.00176991150442478","0.00176991150442478"
"9","urn:cts:latinLit:phi0972.phi001:2.6","Grandis et ut ito dico pudicus oratio non sum maculosus neque turgida, sed naturale pulchritudo exsurgit.","0.00240963855421687","0.00240963855421687","0.00240963855421687","0.00240963855421687","0.00240963855421687","0.00240963855421687","0.48433734939759","0.00240963855421687","0.00240963855421687","0.00240963855421687","0.00240963855421687","0.00240963855421687","0.48433734939759","0.00240963855421687","0.00240963855421687"
"10","urn:cts:latinLit:phi0972.phi001:2.7","Nuper ventosus iste et enormis loquacitas Athenas ex Asia commigro animus juvenis ad magnus surgo velut pestilens quodam sidus afflavit, semel corrumpo regula eloquentia sto et obmutuit.","0.0013986013986014","0.0013986013986014","0.0013986013986014","0.0013986013986014","0.0013986013986014","0.0013986013986014","0.420979020979021","0.0013986013986014","0.0013986013986014","0.0013986013986014","0.0013986013986014","0.0013986013986014","0.351048951048951","0.0013986013986014","0.211188811188811"
"11","urn:cts:latinLit:phi0972.phi001:2.8","Ad summam, quis postea Thucydidis, quis Hyperidis ad fama processit? Ac neo carmen quidem sanus color enituit, sed omnis quasi idem cibus pasco non possum usque ad senectus canescere.","0.329577464788732","0.000938967136150235","0.000938967136150235","0.282629107981221","0.000938967136150235","0.000938967136150235","0.329577464788732","0.000938967136150235","0.047887323943662","0.000938967136150235","0.000938967136150235","0.000938967136150235","0.000938967136150235","0.000938967136150235","0.000938967136150235"
"12","urn:cts:latinLit:phi0972.phi001:2.9","Pictura quoque non alius exeo fecit, postquam Aegyptiorum audacia tam magnus ars compendiarius invenit.","0.00194174757281553","0.390291262135922","0.487378640776699","0.00194174757281553","0.00194174757281553","0.00194174757281553","0.00194174757281553","0.00194174757281553","0.0990291262135923","0.00194174757281553","0.00194174757281553","0.00194174757281553","0.00194174757281553","0.00194174757281553","0.00194174757281553"
"13","urn:cts:latinLit:phi0972.phi001:3.1","Non sum patior Agamemnon ego diu declamo in porticu, qui ipse in schola sudaverat, sed Adulescens inquam  quoniam sermo habeo non publicus sapor et, qui rarus est, amo bonus mentem, non fraudo tu ars secreta.","0.467357512953368","0.467357512953368","0.00103626943005181","0.00103626943005181","0.00103626943005181","0.00103626943005181","0.00103626943005181","0.00103626943005181","0.00103626943005181","0.0528497409326425","0.00103626943005181","0.00103626943005181","0.00103626943005181","0.00103626943005181","0.00103626943005181"
"14","urn:cts:latinLit:phi0972.phi001:3.2","Nihil nimirum in hic exercitatio doctor peccant, qui necesse habeo cum insanio furere. Nam nitor dico qui adulescentulus probent, ut aio Cicero, 'soli in schola relinquentur.'","0.0902654867256637","0.621238938053097","0.00176991150442478","0.00176991150442478","0.00176991150442478","0.00176991150442478","0.00176991150442478","0.00176991150442478","0.267256637168142","0.00176991150442478","0.00176991150442478","0.00176991150442478","0.00176991150442478","0.00176991150442478","0.00176991150442478"
"15","urn:cts:latinLit:phi0972.phi001:3.3","Sicut fingo adulator cum cena dives captant, nihil prior meditor qui is qui puto gratissi mum auditor fore: neque enim aliter impetro qui petunt, nitor quidam insidiae auris fecerint:","0.0013986013986014","0.0013986013986014","0.351048951048951","0.630769230769231","0.0013986013986014","0.0013986013986014","0.0013986013986014","0.0013986013986014","0.0013986013986014","0.0013986013986014","0.0013986013986014","0.0013986013986014","0.0013986013986014","0.0013986013986014","0.0013986013986014"
"16","urn:cts:latinLit:phi0972.phi001:3.4","sic eloquentia magister, nitor tamquam piscator is impono hama escam, qui scio appeto sum pisciculos, sinum spes praeda moror in scopulo.","0.00130718954248366","0.328104575163399","0.0666666666666667","0.00130718954248366","0.00130718954248366","0.13202614379085","0.00130718954248366","0.00130718954248366","0.00130718954248366","0.00130718954248366","0.00130718954248366","0.00130718954248366","0.00130718954248366","0.00130718954248366","0.458823529411765"
"17","urn:cts:latinLit:phi0972.phi001:4.1","Quid ergo est? Parentes objurgatio dignus sunt, qui noluntliberos suus severus lego proficere.","0.00273972602739726","0.00273972602739726","0.13972602739726","0.00273972602739726","0.00273972602739726","0.00273972602739726","0.687671232876712","0.00273972602739726","0.00273972602739726","0.00273972602739726","0.00273972602739726","0.00273972602739726","0.13972602739726","0.00273972602739726","0.00273972602739726"
"18","urn:cts:latinLit:phi0972.phi001:4.2","Primum enim sic ut omnia, spes quoque suus ambitio donant. Deinde cum ad votum properant, crudus adhuc studium in foris pello et eloquentiam, qui nihil sum magnus confitentur, puer induo adhuc nascentibus.","0.00115606936416185","0.00115606936416185","0.926011560693642","0.00115606936416185","0.00115606936416185","0.0589595375722543","0.00115606936416185","0.00115606936416185","0.00115606936416185","0.00115606936416185","0.00115606936416185","0.00115606936416185","0.00115606936416185","0.00115606936416185","0.00115606936416185"
"19","urn:cts:latinLit:phi0972.phi001:4.3","Quod si patior labor gradus fieri, ut studiosus juvenis lectio severus irrigarentur, ut sapientia praecipio animus componerent, ut verbum atrox stilus effoderent, ut qui volo imito diu audirent, ut persuadeo sui nihil sum magnificum, qui puer placeret: jam ille grandis oratio habeo majestas suus pondus.","0.3419795221843","0.00068259385665529","0.00068259385665529","0.00068259385665529","0.00068259385665529","0.0689419795221843","0.273720136518771","0.00068259385665529","0.00068259385665529","0.307849829351536","0.00068259385665529","0.00068259385665529","0.00068259385665529","0.00068259385665529","0.00068259385665529"
"20","urn:cts:latinLit:phi0972.phi001:4.4","Nunc puer in schola ludunt, juvenis rideo in foro, et qui utroque turpis est, qui quisque perperus didicit, in senectus confiteor non vult.","0.00176991150442478","0.00176991150442478","0.00176991150442478","0.00176991150442478","0.00176991150442478","0.00176991150442478","0.178761061946903","0.00176991150442478","0.00176991150442478","0.00176991150442478","0.798230088495575","0.00176991150442478","0.00176991150442478","0.00176991150442478","0.00176991150442478"
"21","urn:cts:latinLit:phi0972.phi001:4.5","Sed neo ego puto improbo schedius Lucilianae humilitatis, qui sentio, et ipse carmen effingam:","0.00273972602739726","0.00273972602739726","0.276712328767123","0.276712328767123","0.00273972602739726","0.00273972602739726","0.00273972602739726","0.00273972602739726","0.00273972602739726","0.00273972602739726","0.413698630136986","0.00273972602739726","0.00273972602739726","0.00273972602739726","0.00273972602739726"
"22","urn:cts:latinLit:phi0972.phi001:5.1.1","Artis severus si quis ambio efficio","0.00465116279069767","0.237209302325581","0.00465116279069767","0.702325581395349","0.00465116279069767","0.00465116279069767","0.00465116279069767","0.00465116279069767","0.00465116279069767","0.00465116279069767","0.00465116279069767","0.00465116279069767","0.00465116279069767","0.00465116279069767","0.00465116279069767"
"23","urn:cts:latinLit:phi0972.phi001:5.1.2","mens magnus applicat, prior mos","0.00465116279069767","0.00465116279069767","0.934883720930233","0.00465116279069767","0.00465116279069767","0.00465116279069767","0.00465116279069767","0.00465116279069767","0.00465116279069767","0.00465116279069767","0.00465116279069767","0.00465116279069767","0.00465116279069767","0.00465116279069767","0.00465116279069767"
"24","urn:cts:latinLit:phi0972.phi001:5.1.3","frugalitatis lego polio exacta.","0.0153846153846154","0.0153846153846154","0.0153846153846154","0.0153846153846154","0.0153846153846154","0.0153846153846154","0.0153846153846154","0.784615384615385","0.0153846153846154","0.0153846153846154","0.0153846153846154","0.0153846153846154","0.0153846153846154","0.0153846153846154","0.0153846153846154"
"25","urn:cts:latinLit:phi0972.phi001:5.1.4","Nec curo alo regius trux vultus","0.00317460317460317","0.00317460317460317","0.00317460317460317","0.00317460317460317","0.00317460317460317","0.00317460317460317","0.00317460317460317","0.479365079365079","0.00317460317460317","0.479365079365079","0.00317460317460317","0.00317460317460317","0.00317460317460317","0.00317460317460317","0.00317460317460317"
"26","urn:cts:latinLit:phi0972.phi001:5.1.5","cliens cena impotens captet,","0.00869565217391304","0.00869565217391304","0.00869565217391304","0.878260869565217","0.00869565217391304","0.00869565217391304","0.00869565217391304","0.00869565217391304","0.00869565217391304","0.00869565217391304","0.00869565217391304","0.00869565217391304","0.00869565217391304","0.00869565217391304","0.00869565217391304"
"27","urn:cts:latinLit:phi0972.phi001:5.1.6","neque perdo addico obruo vinum","0.00465116279069767","0.00465116279069767","0.00465116279069767","0.00465116279069767","0.00465116279069767","0.00465116279069767","0.00465116279069767","0.00465116279069767","0.00465116279069767","0.00465116279069767","0.00465116279069767","0.00465116279069767","0.00465116279069767","0.934883720930233","0.00465116279069767"
"28","urn:cts:latinLit:phi0972.phi001:5.1.7","mens calorem, neve plausor in scaena","0.00606060606060606","0.00606060606060606","0.915151515151515","0.00606060606060606","0.00606060606060606","0.00606060606060606","0.00606060606060606","0.00606060606060606","0.00606060606060606","0.00606060606060606","0.00606060606060606","0.00606060606060606","0.00606060606060606","0.00606060606060606","0.00606060606060606"
"29","urn:cts:latinLit:phi0972.phi001:5.1.8","sedeo re-emo histrio ad rictus.","0.934883720930233","0.00465116279069767","0.00465116279069767","0.00465116279069767","0.00465116279069767","0.00465116279069767","0.00465116279069767","0.00465116279069767","0.00465116279069767","0.00465116279069767","0.00465116279069767","0.00465116279069767","0.00465116279069767","0.00465116279069767","0.00465116279069767"
"30","urn:cts:latinLit:phi0972.phi001:5.1.9","Sed sive armiger rideo Tritonidis arces,","0.00465116279069767","0.00465116279069767","0.00465116279069767","0.00465116279069767","0.00465116279069767","0.00465116279069767","0.00465116279069767","0.00465116279069767","0.00465116279069767","0.00465116279069767","0.934883720930233","0.00465116279069767","0.00465116279069767","0.00465116279069767","0.00465116279069767"
"31","urn:cts:latinLit:phi0972.phi001:5.1.10","sive Lacedaemonio tellus habito colonus","0.00606060606060606","0.00606060606060606","0.00606060606060606","0.00606060606060606","0.00606060606060606","0.00606060606060606","0.00606060606060606","0.00606060606060606","0.00606060606060606","0.00606060606060606","0.612121212121212","0.309090909090909","0.00606060606060606","0.00606060606060606","0.00606060606060606"
"32","urn:cts:latinLit:phi0972.phi001:5.1.11","Sirenumve domus, do primus versus annus","0.00377358490566038","0.00377358490566038","0.192452830188679","0.00377358490566038","0.00377358490566038","0.00377358490566038","0.00377358490566038","0.00377358490566038","0.00377358490566038","0.00377358490566038","0.758490566037736","0.00377358490566038","0.00377358490566038","0.00377358490566038","0.00377358490566038"
"33","urn:cts:latinLit:phi0972.phi001:5.1.12","Maeoniumque bibo felix pectus fontem.","0.00869565217391304","0.00869565217391304","0.00869565217391304","0.00869565217391304","0.00869565217391304","0.00869565217391304","0.00869565217391304","0.00869565217391304","0.00869565217391304","0.00869565217391304","0.00869565217391304","0.00869565217391304","0.878260869565217","0.00869565217391304","0.00869565217391304"
"34","urn:cts:latinLit:phi0972.phi001:5.1.13","Mox et Socratico plenus grex mitto habena","0.00465116279069767","0.00465116279069767","0.00465116279069767","0.00465116279069767","0.00465116279069767","0.469767441860465","0.00465116279069767","0.00465116279069767","0.00465116279069767","0.00465116279069767","0.00465116279069767","0.469767441860465","0.00465116279069767","0.00465116279069767","0.00465116279069767"
"35","urn:cts:latinLit:phi0972.phi001:5.1.14","liber et ingens quatio Demosthenis arma.","0.00465116279069767","0.00465116279069767","0.00465116279069767","0.00465116279069767","0.00465116279069767","0.00465116279069767","0.00465116279069767","0.00465116279069767","0.00465116279069767","0.00465116279069767","0.00465116279069767","0.934883720930233","0.00465116279069767","0.00465116279069767","0.00465116279069767"
"36","urn:cts:latinLit:phi0972.phi001:5.1.15","Hinc Romana manus circumfluo et modus Graio","0.00606060606060606","0.00606060606060606","0.00606060606060606","0.00606060606060606","0.00606060606060606","0.00606060606060606","0.00606060606060606","0.00606060606060606","0.00606060606060606","0.00606060606060606","0.00606060606060606","0.915151515151515","0.00606060606060606","0.00606060606060606","0.00606060606060606"
"37","urn:cts:latinLit:phi0972.phi001:5.1.16","exonero sonus muto suffundo saporem.","0.00606060606060606","0.00606060606060606","0.00606060606060606","0.309090909090909","0.00606060606060606","0.00606060606060606","0.309090909090909","0.00606060606060606","0.00606060606060606","0.00606060606060606","0.00606060606060606","0.00606060606060606","0.309090909090909","0.00606060606060606","0.00606060606060606"
"38","urn:cts:latinLit:phi0972.phi001:5.1.17","Interdum subduco foro do pagina curro","0.00465116279069767","0.00465116279069767","0.00465116279069767","0.00465116279069767","0.00465116279069767","0.00465116279069767","0.00465116279069767","0.00465116279069767","0.00465116279069767","0.00465116279069767","0.934883720930233","0.00465116279069767","0.00465116279069767","0.00465116279069767","0.00465116279069767"
"39","urn:cts:latinLit:phi0972.phi001:5.1.18","et furtivus sono celer distinguo meatu;","0.00606060606060606","0.00606060606060606","0.612121212121212","0.00606060606060606","0.00606060606060606","0.00606060606060606","0.00606060606060606","0.00606060606060606","0.00606060606060606","0.00606060606060606","0.00606060606060606","0.00606060606060606","0.309090909090909","0.00606060606060606","0.00606060606060606"
"40","urn:cts:latinLit:phi0972.phi001:5.1.19","deinde epulae et bellus trux memoratus canorum","0.00377358490566038","0.00377358490566038","0.00377358490566038","0.00377358490566038","0.00377358490566038","0.00377358490566038","0.00377358490566038","0.00377358490566038","0.00377358490566038","0.947169811320755","0.00377358490566038","0.00377358490566038","0.00377358490566038","0.00377358490566038","0.00377358490566038"
"41","urn:cts:latinLit:phi0972.phi001:5.1.20","grandis indomitus Ciceronis verbum minetur.","0.00869565217391304","0.00869565217391304","0.00869565217391304","0.00869565217391304","0.00869565217391304","0.00869565217391304","0.00869565217391304","0.00869565217391304","0.878260869565217","0.00869565217391304","0.00869565217391304","0.00869565217391304","0.00869565217391304","0.00869565217391304","0.00869565217391304"
"42","urn:cts:latinLit:phi0972.phi001:5.1.21","His animus succingo bonis: sic flumen largus","0.00317460317460317","0.00317460317460317","0.00317460317460317","0.00317460317460317","0.00317460317460317","0.00317460317460317","0.00317460317460317","0.320634920634921","0.00317460317460317","0.00317460317460317","0.00317460317460317","0.00317460317460317","0.638095238095238","0.00317460317460317","0.00317460317460317"
"43","urn:cts:latinLit:phi0972.phi001:5.1.22","plenus Pierio defundo pectus verba.","0.00606060606060606","0.00606060606060606","0.00606060606060606","0.00606060606060606","0.00606060606060606","0.00606060606060606","0.00606060606060606","0.00606060606060606","0.00606060606060606","0.00606060606060606","0.00606060606060606","0.00606060606060606","0.915151515151515","0.00606060606060606","0.00606060606060606"
"44","urn:cts:latinLit:phi0972.phi001:6.1","Dum hic diligens audio, non noto ego Ascylti fugam. Et dum in hic dico aestus in hortus incedo, ingens scholasticus turbo in porticus venit, ut apparebat, ab extemporalis declamatio nescio cuius, qui Agamemnonis suasorius exceperat.","0.188732394366197","0.000938967136150235","0.000938967136150235","0.752112676056338","0.000938967136150235","0.000938967136150235","0.000938967136150235","0.000938967136150235","0.000938967136150235","0.000938967136150235","0.000938967136150235","0.000938967136150235","0.000938967136150235","0.047887323943662","0.000938967136150235"
"45","urn:cts:latinLit:phi0972.phi001:6.2","Dum ergo juvenis sententia rideo ordo totus dictio infamant, opportunus subduco ego et cursim Ascylton persequor coepi.","0.00150375939849624","0.00150375939849624","0.00150375939849624","0.00150375939849624","0.00150375939849624","0.00150375939849624","0.603007518796993","0.00150375939849624","0.00150375939849624","0.00150375939849624","0.377443609022556","0.00150375939849624","0.00150375939849624","0.00150375939849624","0.00150375939849624"
"46","urn:cts:latinLit:phi0972.phi001:6.3","Sed neque via diligens teneo quia neque qui stabulum sum sciebam.","0.0021505376344086","0.0021505376344086","0.0021505376344086","0.0021505376344086","0.0021505376344086","0.0021505376344086","0.86236559139785","0.0021505376344086","0.109677419354839","0.0021505376344086","0.0021505376344086","0.0021505376344086","0.0021505376344086","0.0021505376344086","0.0021505376344086"
"47","urn:cts:latinLit:phi0972.phi001:6.4","Itaque qui ieram, idem revertebar, donum et curro fatigo et sudor jam madeo accedo anicula quandam, qui agrestis holus vendebat,","0.00194174757281553","0.00194174757281553","0.00194174757281553","0.00194174757281553","0.00194174757281553","0.00194174757281553","0.00194174757281553","0.00194174757281553","0.00194174757281553","0.0990291262135923","0.875728155339806","0.00194174757281553","0.00194174757281553","0.00194174757281553","0.00194174757281553"
"48","urn:cts:latinLit:phi0972.phi001:7.1","et Rogo inquam mater, numquid scio ubi ego habitem? delecto sum ille urbanitas tam stultus et Quidni sciam? inquit, consurgo et coepio ego praecedere.","0.720261437908497","0.00130718954248366","0.00130718954248366","0.00130718954248366","0.00130718954248366","0.262745098039216","0.00130718954248366","0.00130718954248366","0.00130718954248366","0.00130718954248366","0.00130718954248366","0.00130718954248366","0.00130718954248366","0.00130718954248366","0.00130718954248366"
"49","urn:cts:latinLit:phi0972.phi001:7.2","Divinam ego puto et  Subinde ut in locus secerno venimus, cento anus urbanus reicio et Hic inquam debeo habitare.","0.0902654867256637","0.00176991150442478","0.00176991150442478","0.798230088495575","0.00176991150442478","0.00176991150442478","0.00176991150442478","0.00176991150442478","0.00176991150442478","0.00176991150442478","0.00176991150442478","0.00176991150442478","0.00176991150442478","0.00176991150442478","0.0902654867256637"
"50","urn:cts:latinLit:phi0972.phi001:7.3","Cum ego nego ego agnosco domum, video quidam inter titulus nudus meretrix furtim spatiantes.","0.0016260162601626","0.0016260162601626","0.0016260162601626","0.489430894308943","0.0016260162601626","0.0016260162601626","0.326829268292683","0.0016260162601626","0.0016260162601626","0.0016260162601626","0.0016260162601626","0.0016260162601626","0.0016260162601626","0.164227642276423","0.0016260162601626"
"51","urn:cts:latinLit:phi0972.phi001:7.4","Tarde, immo jam sero intellego ego in fornix sum deductum. Execratus ito anicula insidiae operio caput et per medius lupanar fugio coepio in alter partem, cum ecce in ipse adeo occurro ego aequum lassus atque morior Ascyltos; puto ab idem anicula sum deductum.","0.000638977635782748","0.000638977635782748","0.000638977635782748","0.384025559105431","0.000638977635782748","0.000638977635782748","0.000638977635782748","0.000638977635782748","0.000638977635782748","0.000638977635782748","0.384025559105431","0.000638977635782748","0.000638977635782748","0.224281150159744","0.000638977635782748"
"52","urn:cts:latinLit:phi0972.phi001:7.5","Itaque ut rideo is consalutavi, quis in locus tam deformis facio quaesivi.","0.0021505376344086","0.0021505376344086","0.0021505376344086","0.96989247311828","0.0021505376344086","0.0021505376344086","0.0021505376344086","0.0021505376344086","0.0021505376344086","0.0021505376344086","0.0021505376344086","0.0021505376344086","0.0021505376344086","0.0021505376344086","0.0021505376344086"
"53","urn:cts:latinLit:phi0972.phi001:8.1","Sudorem ille manus detergeo et Si scio inquam qui ego acciderunt.Quid nosco inquam ego?","0.00176991150442478","0.00176991150442478","0.00176991150442478","0.00176991150442478","0.975221238938053","0.00176991150442478","0.00176991150442478","0.00176991150442478","0.00176991150442478","0.00176991150442478","0.00176991150442478","0.00176991150442478","0.00176991150442478","0.00176991150442478","0.00176991150442478"
"54","urn:cts:latinLit:phi0972.phi001:8.2","at ille deficio cum erro inquam per totus civitas neque invenirem, qui locus stabulum reliquissem, accedo ad ego pater familia et dux sui iter humanus promisit.","0.311917098445596","0.00103626943005181","0.00103626943005181","0.363730569948187","0.00103626943005181","0.00103626943005181","0.00103626943005181","0.00103626943005181","0.00103626943005181","0.00103626943005181","0.00103626943005181","0.00103626943005181","0.311917098445596","0.00103626943005181","0.00103626943005181"
"55","urn:cts:latinLit:phi0972.phi001:8.3","Per anfractus deinde obscurus egredior in hic locus ego perduco profero peculium coepio rogo stuprum.","0.0016260162601626","0.0016260162601626","0.0016260162601626","0.0016260162601626","0.733333333333333","0.0016260162601626","0.0016260162601626","0.0016260162601626","0.0016260162601626","0.245528455284553","0.0016260162601626","0.0016260162601626","0.0016260162601626","0.0016260162601626","0.0016260162601626"
"56","urn:cts:latinLit:phi0972.phi001:8.4","Iam pro cella meretrix trix assis exegerat, jam ille ego in-jacio manum, et nitor valeo fuissem, do poena Adeo ubique omnis ego video satureum bibo  jungo vis molestus contemno","0.188732394366197","0.000938967136150235","0.000938967136150235","0.000938967136150235","0.000938967136150235","0.000938967136150235","0.000938967136150235","0.000938967136150235","0.658215962441315","0.000938967136150235","0.0948356807511737","0.000938967136150235","0.000938967136150235","0.000938967136150235","0.047887323943662"
"57","urn:cts:latinLit:phi0972.phi001:9.1","Quasi per caligo video Gitona in crepido semita sto et in idem locus ego conicio","0.00240963855421687","0.00240963855421687","0.00240963855421687","0.00240963855421687","0.00240963855421687","0.00240963855421687","0.00240963855421687","0.00240963855421687","0.00240963855421687","0.00240963855421687","0.84578313253012","0.12289156626506","0.00240963855421687","0.00240963855421687","0.00240963855421687"
"58","urn:cts:latinLit:phi0972.phi001:9.2","Cum quaero numquid nos in prandium frater parasset, consido puer supo lego et mano lacrima pollex extersit.","0.0016260162601626","0.0829268292682927","0.0016260162601626","0.0016260162601626","0.326829268292683","0.0016260162601626","0.0016260162601626","0.570731707317073","0.0016260162601626","0.0016260162601626","0.0016260162601626","0.0016260162601626","0.0016260162601626","0.0016260162601626","0.0016260162601626"
"59","urn:cts:latinLit:phi0972.phi001:9.3","Perturbatus ego habeo fratris, quis accidisset, quaesivi. Et ille tardus quidem et invitus, sed postquam prex etiam iracundia miscui,","0.0016260162601626","0.0016260162601626","0.0016260162601626","0.570731707317073","0.0016260162601626","0.0016260162601626","0.0829268292682927","0.0016260162601626","0.326829268292683","0.0016260162601626","0.0016260162601626","0.0016260162601626","0.0016260162601626","0.0016260162601626","0.0016260162601626"
"60","urn:cts:latinLit:phi0972.phi001:9.4","Tuus inquam iste frater sive comes paulum ante in conduco accurro coepio ego volo pudor extorquere.","0.326829268292683","0.0016260162601626","0.0016260162601626","0.0016260162601626","0.0016260162601626","0.0829268292682927","0.0016260162601626","0.0016260162601626","0.0016260162601626","0.0016260162601626","0.326829268292683","0.0016260162601626","0.245528455284553","0.0016260162601626","0.0016260162601626"
"61","urn:cts:latinLit:phi0972.phi001:9.5","Cum ego proclamarem, gladium stringo et 'Si Lucretia es' inquam 'Tarquinium invenisti.'","0.00273972602739726","0.00273972602739726","0.00273972602739726","0.00273972602739726","0.961643835616438","0.00273972602739726","0.00273972602739726","0.00273972602739726","0.00273972602739726","0.00273972602739726","0.00273972602739726","0.00273972602739726","0.00273972602739726","0.00273972602739726","0.00273972602739726"
"62","urn:cts:latinLit:phi0972.phi001:9.6","Quibus ego audio intento in oculus Ascylti manus et Quid dico inquam muliebris patientia scortum, qui neo spiritus quidem purus est?","0.00130718954248366","0.00130718954248366","0.00130718954248366","0.589542483660131","0.262745098039216","0.00130718954248366","0.00130718954248366","0.00130718954248366","0.00130718954248366","0.00130718954248366","0.00130718954248366","0.00130718954248366","0.13202614379085","0.00130718954248366","0.00130718954248366"
"63","urn:cts:latinLit:phi0972.phi001:9.7","Inhorrescere sui fingo Ascyltos, mox tollo fortis manus longus magnus nitor clamavit:","0.00194174757281553","0.00194174757281553","0.390291262135922","0.00194174757281553","0.00194174757281553","0.00194174757281553","0.00194174757281553","0.293203883495146","0.00194174757281553","0.00194174757281553","0.00194174757281553","0.293203883495146","0.00194174757281553","0.00194174757281553","0.00194174757281553"
"64","urn:cts:latinLit:phi0972.phi001:9.8","Non taceo inquam gladiator obscene, qui de  ruina harena dimisit?","0.00317460317460317","0.00317460317460317","0.00317460317460317","0.00317460317460317","0.00317460317460317","0.479365079365079","0.00317460317460317","0.00317460317460317","0.00317460317460317","0.00317460317460317","0.479365079365079","0.00317460317460317","0.00317460317460317","0.00317460317460317","0.00317460317460317"
"65","urn:cts:latinLit:phi0972.phi001:9.9","Non taces, nocturnus percussor, qui neo tum quidem, cum fortis faceres, cum purus mulier pugnasti,","0.243373493975904","0.00240963855421687","0.00240963855421687","0.48433734939759","0.00240963855421687","0.00240963855421687","0.00240963855421687","0.00240963855421687","0.00240963855421687","0.00240963855421687","0.00240963855421687","0.00240963855421687","0.00240963855421687","0.00240963855421687","0.243373493975904"
"66","urn:cts:latinLit:phi0972.phi001:9.10","qui idem ratio in viridario frater fui, qui nunc in deversorium puer est?","0.13972602739726","0.00273972602739726","0.00273972602739726","0.00273972602739726","0.13972602739726","0.00273972602739726","0.00273972602739726","0.00273972602739726","0.00273972602739726","0.00273972602739726","0.687671232876712","0.00273972602739726","0.00273972602739726","0.00273972602739726","0.00273972602739726"
"67","urn:cts:latinLit:phi0972.phi001:9.11","Subduxisti tu inquam ab praeceptor colloquio.","0.934883720930233","0.00465116279069767","0.00465116279069767","0.00465116279069767","0.00465116279069767","0.00465116279069767","0.00465116279069767","0.00465116279069767","0.00465116279069767","0.00465116279069767","0.00465116279069767","0.00465116279069767","0.00465116279069767","0.00465116279069767","0.00465116279069767"
"68","urn:cts:latinLit:phi0972.phi001:10.1","Quid ego, homo stultissime, facio debui, cum fames morerer? An videlicet audio sententias, is sum vitreus frango et somnium interpretamenta?","0.245528455284553","0.489430894308943","0.0016260162601626","0.0016260162601626","0.0016260162601626","0.0016260162601626","0.0016260162601626","0.245528455284553","0.0016260162601626","0.0016260162601626","0.0016260162601626","0.0016260162601626","0.0016260162601626","0.0016260162601626","0.0016260162601626"
"69","urn:cts:latinLit:phi0972.phi001:10.2","Multo ego turpis sum tu hercule, qui ut foris cenares, poeta laudasti.","0.00317460317460317","0.00317460317460317","0.00317460317460317","0.00317460317460317","0.00317460317460317","0.00317460317460317","0.00317460317460317","0.00317460317460317","0.00317460317460317","0.00317460317460317","0.955555555555555","0.00317460317460317","0.00317460317460317","0.00317460317460317","0.00317460317460317"
"70","urn:cts:latinLit:phi0972.phi001:10.3","Itaque ex turpis lis in rideo diffundo paco ad reliquus secedo","0.00273972602739726","0.00273972602739726","0.00273972602739726","0.00273972602739726","0.00273972602739726","0.00273972602739726","0.00273972602739726","0.00273972602739726","0.13972602739726","0.00273972602739726","0.550684931506849","0.00273972602739726","0.00273972602739726","0.00273972602739726","0.276712328767123"
"71","urn:cts:latinLit:phi0972.phi001:10.4","Rursus in memoria revoco injuria Ascylte inquam intellego nos convenio non posse. Itaque communis sarcinula partio atque paupertas noster privatus quaestus tento expellere.","0.00130718954248366","0.00130718954248366","0.00130718954248366","0.00130718954248366","0.524183006535948","0.00130718954248366","0.00130718954248366","0.00130718954248366","0.0666666666666667","0.00130718954248366","0.393464052287582","0.00130718954248366","0.00130718954248366","0.00130718954248366","0.00130718954248366"
"72","urn:cts:latinLit:phi0972.phi001:10.5","Et tu littera scio et ego. Ne quaestus tuus obstem, alius aliquis promittam; alioqui mille causa cottidie nos collido et per totus urbs rumor different.","0.00109289617486339","0.438251366120219","0.00109289617486339","0.00109289617486339","0.00109289617486339","0.00109289617486339","0.00109289617486339","0.00109289617486339","0.383606557377049","0.00109289617486339","0.00109289617486339","0.00109289617486339","0.00109289617486339","0.00109289617486339","0.165027322404372"
"73","urn:cts:latinLit:phi0972.phi001:10.6","Non recuso Ascyltos et Hodie inquam quia tamquam scholasticus ad cena promisimus, non perdo noctem. Cras autem, quia hic libet, et habitatio ego prospicio et aliquis fratrem.","0.00115606936416185","0.174566473988439","0.116763005780347","0.579190751445087","0.00115606936416185","0.00115606936416185","0.00115606936416185","0.00115606936416185","0.00115606936416185","0.00115606936416185","0.00115606936416185","0.00115606936416185","0.00115606936416185","0.116763005780347","0.00115606936416185"
"74","urn:cts:latinLit:phi0972.phi001:10.7","Tardum sum inquam differo qui placet. Hanc tam praecipito divisio libido faciebat; jam dudum enim amolior cupio custos molestum, ut vetus cum Gitone meus ratio reducerem.","0.438251366120219","0.00109289617486339","0.492896174863388","0.00109289617486339","0.00109289617486339","0.00109289617486339","0.00109289617486339","0.00109289617486339","0.00109289617486339","0.00109289617486339","0.00109289617486339","0.00109289617486339","0.00109289617486339","0.00109289617486339","0.0557377049180328"
"75","urn:cts:latinLit:phi0972.phi001:11.1","Postquam lustror oculus totus urbem, in cellula redii, osculum tandem bonus fides exigo alligo artus complexus puer fruor votum usque ad invidia felicibus.","0.00130718954248366","0.00130718954248366","0.328104575163399","0.00130718954248366","0.00130718954248366","0.00130718954248366","0.00130718954248366","0.654901960784314","0.00130718954248366","0.00130718954248366","0.00130718954248366","0.00130718954248366","0.00130718954248366","0.00130718954248366","0.00130718954248366"
"76","urn:cts:latinLit:phi0972.phi001:11.2","Nec adhuc quidem omnis sum facta, cum Ascyltos furtim sui foris admoveo discutio fortis claustra invenio ego cum frater ludentem. Risu ito plaudo cellula implevit, operio ego amiculus evolvo et","0.000896860986547085","0.000896860986547085","0.44932735426009","0.404484304932735","0.000896860986547085","0.000896860986547085","0.000896860986547085","0.13542600896861","0.000896860986547085","0.000896860986547085","0.000896860986547085","0.000896860986547085","0.000896860986547085","0.000896860986547085","0.000896860986547085"
"77","urn:cts:latinLit:phi0972.phi001:11.3","Quid ago inquam frater sanctissime, qui diverto contubernium facis?","0.00465116279069767","0.00465116279069767","0.00465116279069767","0.00465116279069767","0.934883720930233","0.00465116279069767","0.00465116279069767","0.00465116279069767","0.00465116279069767","0.00465116279069767","0.00465116279069767","0.00465116279069767","0.00465116279069767","0.00465116279069767","0.00465116279069767"
"78","urn:cts:latinLit:phi0972.phi001:11.4","Nec sui solus intro verbum continuit, sed lorus de pera solvo et ego coepio non perfunctorius verberare, adicio etiam petulans dictis: Sic divido cum frater nolito","0.00122699386503068","0.00122699386503068","0.00122699386503068","0.369325153374233","0.246625766871166","0.0625766871165644","0.00122699386503068","0.00122699386503068","0.00122699386503068","0.00122699386503068","0.307975460122699","0.00122699386503068","0.00122699386503068","0.00122699386503068","0.00122699386503068"
"79","urn:cts:latinLit:phi0972.phi001:12.1","Veniebamus in foris deficio jam die, in qui noto frequentia res venalium, non quidem pretiosus sed tamen qui fides malus ambulo obscuritas tempus facilis tegeret.","0.00122699386503068","0.00122699386503068","0.369325153374233","0.00122699386503068","0.00122699386503068","0.00122699386503068","0.00122699386503068","0.00122699386503068","0.246625766871166","0.123926380368098","0.00122699386503068","0.00122699386503068","0.246625766871166","0.00122699386503068","0.00122699386503068"
"80","urn:cts:latinLit:phi0972.phi001:12.2","Cum ergo et ipse rapio latrocinium pallium detulissemus, utor occasio opportunus coepio atque in quodam angulus lacinia extremus concutere, si qui fortis emptor splendor vestis possum adducere.","0.00103626943005181","0.00103626943005181","0.00103626943005181","0.00103626943005181","0.00103626943005181","0.00103626943005181","0.570984455958549","0.00103626943005181","0.00103626943005181","0.415544041450777","0.00103626943005181","0.00103626943005181","0.00103626943005181","0.00103626943005181","0.00103626943005181"
"81","urn:cts:latinLit:phi0972.phi001:12.3","Nec diu moror rusticus quidam familiaris oculus meus cum muliercula comes propior accedo atque diligens considero pallium coepit.","0.00122699386503067","0.00122699386503067","0.00122699386503067","0.00122699386503067","0.00122699386503067","0.185276073619632","0.676073619631902","0.00122699386503067","0.00122699386503067","0.123926380368098","0.00122699386503067","0.00122699386503067","0.00122699386503067","0.00122699386503067","0.00122699386503067"
